91,102,120,138,155,168,175,177,178,187,196,197,192,189,192,177,165,156,151,158,152,138,121,109
82,94,109,123,136,146,145,145,152,163,172,182,186,181,170,158,150,140,132,141,144,131,115,110
91,88,92,99,104,111,101,97,110,132,139,157,169,163,140,117,111,109,103,102,108,104,100,101
100,87,79,79,85,86,74,70,84,109,113,135,154,148,112,85,82,86,85,79,79,82,85,87
91,89,76,74,95,84,85,86,90,102,102,123,149,145,93,91,97,96,90,91,85,83,83,80
104,88,72,76,99,95,117,111,95,116,101,121,140,129,97,115,147,139,89,67,66,72,80,89
111,95,80,81,93,100,111,105,93,97,83,115,140,125,90,115,140,136,104,72,76,70,71,92
127,106,94,96,102,110,108,102,99,100,85,115,140,125,83,97,109,112,106,85,85,76,75,91
144,117,108,117,125,129,126,117,114,122,102,117,134,122,85,86,93,100,104,101,95,90,89,90
142,126,122,132,141,147,150,139,125,124,104,116,128,117,90,101,110,118,125,124,122,112,101,97
136,139,137,139,150,153,154,142,126,119,101,121,134,117,89,105,115,128,144,141,135,121,109,107
130,136,141,146,156,159,162,152,130,113,100,131,144,117,87,107,125,137,147,149,143,128,118,120
126,131,138,147,156,161,173,165,136,107,108,147,155,117,89,114,138,149,152,155,151,138,127,127
122,130,135,140,148,156,175,171,136,100,116,160,163,119,92,121,152,164,160,158,154,143,131,125
120,126,131,135,141,149,162,160,132,92,107,150,157,119,89,124,161,172,158,153,145,135,126,121
125,128,130,135,144,153,156,151,133,102,92,112,114,94,96,121,150,162,157,151,139,129,121,116
123,126,129,134,146,147,139,128,115,99,96,107,106,91,90,110,129,146,157,151,138,128,122,119
115,122,128,132,136,125,113,105,101,101,110,117,115,104,89,97,107,122,140,145,136,128,123,118
107,118,128,127,117,99,94,96,103,114,122,122,120,116,102,92,92,97,108,128,130,125,117,109
98,115,125,119,103,92,94,98,102,113,126,130,126,117,107,101,94,90,93,108,123,123,109,95
89,109,123,119,98,83,76,74,77,87,103,102,95,88,79,72,72,77,87,104,122,118,99,83
86,101,120,123,103,92,85,76,74,87,101,98,91,84,74,81,88,90,94,114,128,114,90,78
86,93,110,118,107,112,109,98,94,108,114,111,105,100,91,106,115,109,104,126,132,108,82,80
84,87,96,102,103,124,121,114,116,122,122,117,114,112,105,114,119,113,108,131,128,99,78,83
